function position_populationana

% % X98 ChR2
% animalids = {'170404','170501','170501','170501','170502','170502','170504','170504','170504','170531','170531','170531','170601','170601','170601','170602','170602'};
% blocks    = [3,        1,       3,       5,       1,       3,       1,       3,       5,       1,       3,       5,       1,       3,       5,       3,       5];
% stimbl    = [4,        2,       4,       6,       2,       4,       2,       4,       NaN,     2,       4,       6,       2,       4,       6,       4,       6];
% animal    = [1,        2,       2,       2,       3,       3,       4,       4,       4,       5,       5,       5,       6,       6,       6,       7,       7];
% electrodes =[[1,32];  [1,16];  [1,16];  [1,16];  [1,16];  [1,16];  [1,16];  [1,16];  [1,16];  [1,32];  [1,32];  [1,32];  [1,32];  [1,32];  [1,32];  [1,32];  [1,32]];
% penangle =  [30,       30,      30,      30,      30,      30,      30,      30,      30,      30,      30,      30,      30,      30,      30,      30,      30];
% printpath = 'C:\Users\Julia\work\data\populations\X98_ChR2_S1\position\units\';
% runprintpath = 'C:\Users\Julia\work\data\populations\X98_ChR2_S1\position\running\';
% lfpprintpath = 'C:\Users\Julia\work\data\populations\X98_ChR2_S1\position\LFP\';
% popfile = 'C:\Users\Julia\work\data\populations\X98_ChR2_S1\position\pos_population.mat';

% X94 ChR2
animalids = {'170322', '170322','170328','170414','170418','170418','170517','170517','170517','170517','170518','170518','170518','170518','170518','170523','170523','170523','170524','170524','170524'};
blocks    = [1,         2,       1,       2,       1,       3,       1,       3,       5,       7,       1,       3,       5,       7,       9,       1,       3,       5,       1,       3,       5];
stimbl    = [NaN,       NaN,     3,       3,       2,       4,       2,       4,       6,       8,       2,       4,       6,       8,       10,      2,       4,       6,       2,       4,       6];
animal    = [1,         1,       2,       3,       4,       4,       5,       5,       5,       5,       6,       6,       6,       6,       6,       7,       7,       7,       8,       8,       8];
electrodes =[[1,16];   [1,32];  [1,32];  [1,32];  [1,16];  [1,16];  [1,16];  [1,16];  [1,16];  [1,16];  [1,16];  [1,16];  [1,16];  [1,16];  [1,16];  [1,16];  [1,16];  [1,32];  [1,16];  [1,32];  [1,32]];
penangle =  [25,        25,      30,      30,      30,      30,      30,      30,      30,      30,      30,      30,      30,      30,      30,      30,      30,      30,      30,      30,      30];
printpath = 'C:\Users\Julia\work\data\populations\X94_ChR2_S1\position\units\';
runprintpath = 'C:\Users\Julia\work\data\populations\X94_ChR2_S1\position\running\';
lfpprintpath = 'C:\Users\Julia\work\data\populations\X94_ChR2_S1\position\LFP\';
popfile = 'C:\Users\Julia\work\data\populations\X94_ChR2_S1\position\pos_population.mat';

% % GIN ChR2
% animalids = {'170509','170509','170509','170509','170509'};
% blocks    = [1,        3,       5,       7,       9];
% stimbl    = [2,        4,       6,       8,       10];
% animal    = [1,        1,       1,       1,       1];
% electrodes =[[1,16];  [1,16];  [1,16];  [1,16];  [1,16]];
% penangle =  [30,       30,      30,      30,      30];
% printpath = 'C:\Users\Julia\work\data\populations\GIN_ChR2_S1\position\units\';
% runprintpath = 'C:\Users\Julia\work\data\populations\GIN_ChR2_S1\position\running\';
% lfpprintpath = 'C:\Users\Julia\work\data\populations\GIN_ChR2_S1\position\LFP\';
% popfile = 'C:\Users\Julia\work\data\populations\GIN_ChR2_S1\position\pos_population.mat';
% % 
% % X94-X98 combined ChR2 1:8 X94 9:15 X98
% animalids = {'170322', '170322','170328','170414','170418','170418','170517','170517','170517','170517','170518','170518','170518','170518','170518','170523','170523','170523','170524','170524','170524','170404','170501','170501','170501','170502','170502','170504','170504','170504','170531','170531','170531','170601','170601','170601','170602','170602'};
% blocks    = [1,         2,       1,       2,       1,       3,       1,       3,       5,       7,       1,       3,       5,       7,       9,       1,       3,       5,       1,       3,       5,       3,       1,       3,       5,       1,       3,       1,       3,       5,       1,       3,       5,       1,       3,       5,       3,       5];
% stimbl    = [NaN,       NaN,     3,       3,       2,       4,       2,       4,       6,       8,       2,       4,       6,       8,       10,      2,       4,       6,       2,       4,       6,       4,       2,       4,       6,       2,       4,       2,       4,       NaN,     2,       4,       6,       2,       4,       6,       4,       6];
% animal    = [1,         1,       2,       3,       4,       4,       5,       5,       5,       5,       6,       6,       6,       6,       6,       7,       7,       7,       8,       8,       8,       9,       10,      10,      10,      11,      11,      12,      12,      12,      13,      13,      13,      14,      14,      14,      15,      15];
% electrodes =[[1,16];   [1,32];  [1,32];  [1,32];  [1,16];  [1,16];  [1,16];  [1,16];  [1,16];  [1,16];  [1,16];  [1,16];  [1,16];  [1,16];  [1,16];  [1,16];  [1,16];  [1,32];  [1,16];  [1,32];  [1,32];  [1,32];  [1,16];  [1,16];  [1,16];  [1,16];  [1,16];  [1,16];  [1,16];  [1,16];  [1,32];  [1,32];  [1,32];  [1,32];  [1,32];  [1,32];  [1,32];  [1,32]];
% penangle =  [25,        25,      30,      30,      30,      30,      30,      30,     30,       30,      30,      30,      30,      30,      30,      30,      30,      30,      30,      30,      30,      30,      30,      30,      30,      30,      30,      30,      30,      30,      30,      30,      30,      30,      30,      30,      30,      30];
% printpath = 'C:\Users\Julia\work\data\populations\X94X98ChR2S1combined\position\units\';
% runprintpath = 'C:\Users\Julia\work\data\populations\X94X98ChR2S1combined\position\running\';
% lfpprintpath = 'C:\Users\Julia\work\data\populations\X94X98ChR2S1combined\position\LFP\';
% popfile = 'C:\Users\Julia\work\data\populations\X94X98ChR2S1combined\position\pos_population.mat';

% % 5/24 only
% animalids = {'170602','170602','170602'};
% blocks    = [1,        3,       5];
% stimbl    = [2,        4,       6];
% animal    = [1,        1,       1];
% electrodes =[[1,32];  [1,32];  [1,32]];
% penangle =  [30,       30,      30];
% printpath = 'C:\Users\Julia\work\data\populations\X98_ChR2_S1\tmp\units\';
% runprintpath = 'C:\Users\Julia\work\data\populations\X98_ChR2_S1\tmp\running\';
% lfpprintpath = 'C:\Users\Julia\work\data\populations\X98_ChR2_S1\tmp\LFP\';
% popfile = 'C:\Users\Julia\work\data\populations\X98_ChR2_S1\tmp\pos_population.mat';

% 
% % control animals
% animalids = {'170330', '170512', '170512', '170512', '170516', '170516', '170516'};
% blocks    = [1,         1,        3,        5,        1,        3,        5];
% stimbl    = [4,         2,        4,        6,        2,        4,        6];
% animal    = [1,         2,        2,        2,        3,        3,        3];
% electrodes =[[1,32];   [1,16];   [1,16];   [1,16];   [1,16];   [1,16];   [1,16]];
% penangle =  [30,        30,       30,       30,       30,       30,       30];
% printpath = 'C:\Users\Julia\work\data\populations\X94_ChR2_S1\control\units\';
% runprintpath = 'C:\Users\Julia\work\data\populations\X94_ChR2_S1\control\running\';
% lfpprintpath = 'C:\Users\Julia\work\data\populations\X94_ChR2_S1\control\LFP\';
% popfile = 'C:\Users\Julia\work\data\populations\X94_ChR2_S1\control\pos_population.mat';

tic
lcol = 'r'; %lasercolor

recalculate = 0;
printyn = 1
sfc = 1;

%Scott Kernel
%%%%%%%%%%%%kernel propeties%%%%%%%%%%%%%%%
kernel_width_eval_s = 0.15;
sdf_freq_hz = 3700;
exp_growth_ms = 2;
exp_decay_ms = 12;
exp_growth_s = exp_growth_ms/1000;
exp_decay_s = exp_decay_ms/1000;
eval_kernel_x_s = 0:1/sdf_freq_hz:kernel_width_eval_s;
